 100.000,  0.148E+02
 100.010,  0.155E+02
 100.020,  0.160E+02
 100.030,  0.164E+02
 100.040,  0.167E+02
 100.050,  0.169E+02
 100.060,  0.171E+02
 100.070,  0.172E+02
 100.080,  0.175E+02
 100.090,  0.178E+02
 100.100,  0.182E+02
 100.110,  0.187E+02
 100.120,  0.193E+02
 100.130,  0.200E+02
 100.140,  0.208E+02
 100.150,  0.217E+02
 100.160,  0.227E+02
 100.170,  0.238E+02
 100.180,  0.250E+02
 100.190,  0.263E+02
 100.200,  0.277E+02
 100.210,  0.292E+02
 100.220,  0.308E+02
 100.230,  0.326E+02
 100.240,  0.346E+02
 100.250,  0.368E+02
 100.260,  0.392E+02
 100.270,  0.419E+02
 100.280,  0.449E+02
 100.290,  0.483E+02
 100.300,  0.521E+02
 100.310,  0.563E+02
 100.320,  0.611E+02
 100.330,  0.665E+02
 100.340,  0.726E+02
 100.350,  0.796E+02
 100.360,  0.874E+02
 100.370,  0.964E+02
 100.380,  0.107E+03
 100.390,  0.118E+03
 100.400,  0.131E+03
 100.410,  0.146E+03
 100.420,  0.163E+03
 100.430,  0.182E+03
 100.440,  0.202E+03
 100.450,  0.224E+03
 100.460,  0.247E+03
 100.470,  0.269E+03
 100.480,  0.289E+03
 100.490,  0.305E+03
 100.500,  0.316E+03
 100.510,  0.319E+03
 100.520,  0.315E+03
 100.530,  0.304E+03
 100.540,  0.287E+03
 100.550,  0.267E+03
 100.560,  0.245E+03
 100.570,  0.222E+03
 100.580,  0.200E+03
 100.590,  0.180E+03
 100.600,  0.161E+03
 100.610,  0.145E+03
 100.620,  0.130E+03
 100.630,  0.117E+03
 100.640,  0.105E+03
 100.650,  0.953E+02
 100.660,  0.864E+02
 100.670,  0.786E+02
 100.680,  0.717E+02
 100.690,  0.656E+02
 100.700,  0.602E+02
 100.710,  0.554E+02
 100.720,  0.512E+02
 100.730,  0.474E+02
 100.740,  0.439E+02
 100.750,  0.409E+02
 100.760,  0.381E+02
 100.770,  0.356E+02
 100.780,  0.334E+02
 100.790,  0.313E+02
 100.800,  0.295E+02
 100.810,  0.278E+02
 100.820,  0.262E+02
 100.830,  0.248E+02
 100.840,  0.235E+02
 100.850,  0.223E+02
 100.860,  0.212E+02
 100.870,  0.201E+02
 100.880,  0.192E+02
 100.890,  0.183E+02
 100.900,  0.175E+02
 100.910,  0.168E+02
 100.920,  0.161E+02
 100.930,  0.154E+02
 100.940,  0.148E+02
 100.950,  0.143E+02
 100.960,  0.137E+02
 100.970,  0.133E+02
 100.980,  0.128E+02
 100.990,  0.124E+02
 101.000,  0.120E+02
 101.010,  0.116E+02
 101.020,  0.113E+02
 101.030,  0.110E+02
 101.040,  0.107E+02
 101.050,  0.104E+02
 101.060,  0.102E+02
 101.070,  0.993E+01
 101.080,  0.972E+01
 101.090,  0.952E+01
 101.100,  0.935E+01
 101.110,  0.919E+01
 101.120,  0.904E+01
 101.130,  0.892E+01
 101.140,  0.881E+01
 101.150,  0.872E+01
 101.160,  0.864E+01
 101.170,  0.859E+01
 101.180,  0.855E+01
 101.190,  0.853E+01
 101.200,  0.853E+01
 101.210,  0.854E+01
 101.220,  0.859E+01
 101.230,  0.865E+01
 101.240,  0.874E+01
 101.250,  0.886E+01
 101.260,  0.900E+01
 101.270,  0.918E+01
 101.280,  0.940E+01
 101.290,  0.965E+01
 101.300,  0.995E+01
 101.310,  0.103E+02
 101.320,  0.107E+02
 101.330,  0.112E+02
 101.340,  0.117E+02
 101.350,  0.124E+02
 101.360,  0.131E+02
 101.370,  0.140E+02
 101.380,  0.150E+02
 101.390,  0.161E+02
 101.400,  0.175E+02
 101.410,  0.191E+02
 101.420,  0.209E+02
 101.430,  0.230E+02
 101.440,  0.254E+02
 101.450,  0.282E+02
 101.460,  0.312E+02
 101.470,  0.346E+02
 101.480,  0.382E+02
 101.490,  0.418E+02
 101.500,  0.452E+02
 101.510,  0.479E+02
 101.520,  0.496E+02
 101.530,  0.501E+02
 101.540,  0.493E+02
 101.550,  0.473E+02
 101.560,  0.443E+02
 101.570,  0.408E+02
 101.580,  0.371E+02
 101.590,  0.334E+02
 101.600,  0.300E+02
 101.610,  0.269E+02
 101.620,  0.241E+02
 101.630,  0.216E+02
 101.640,  0.195E+02
 101.650,  0.176E+02
 101.660,  0.160E+02
 101.670,  0.145E+02
 101.680,  0.133E+02
 101.690,  0.122E+02
 101.700,  0.113E+02
 101.710,  0.104E+02
 101.720,  0.971E+01
 101.730,  0.906E+01
 101.740,  0.848E+01
 101.750,  0.796E+01
 101.760,  0.750E+01
 101.770,  0.708E+01
 101.780,  0.670E+01
 101.790,  0.636E+01
 101.800,  0.605E+01
 101.810,  0.576E+01
 101.820,  0.549E+01
 101.830,  0.525E+01
 101.840,  0.502E+01
 101.850,  0.481E+01
 101.860,  0.461E+01
 101.870,  0.443E+01
 101.880,  0.426E+01
 101.890,  0.411E+01
 101.900,  0.397E+01
 101.910,  0.383E+01
 101.920,  0.371E+01
 101.930,  0.359E+01
 101.940,  0.349E+01
 101.950,  0.338E+01
 101.960,  0.329E+01
 101.970,  0.320E+01
 101.980,  0.311E+01
 101.990,  0.302E+01
 102.000,  0.294E+01
 102.010,  0.286E+01
 102.020,  0.279E+01
 102.030,  0.272E+01
 102.040,  0.266E+01
 102.050,  0.259E+01
 102.060,  0.253E+01
 102.070,  0.248E+01
 102.080,  0.243E+01
 102.090,  0.238E+01
 102.100,  0.233E+01
 102.110,  0.228E+01
 102.120,  0.224E+01
 102.130,  0.220E+01
 102.140,  0.216E+01
 102.150,  0.212E+01
 102.160,  0.208E+01
 102.170,  0.205E+01
 102.180,  0.201E+01
 102.190,  0.198E+01
 102.200,  0.195E+01
 102.210,  0.192E+01
 102.220,  0.190E+01
 102.230,  0.187E+01
 102.240,  0.184E+01
 102.250,  0.182E+01
 102.260,  0.179E+01
 102.270,  0.177E+01
 102.280,  0.174E+01
 102.290,  0.172E+01
 102.300,  0.170E+01
 102.310,  0.168E+01
 102.320,  0.166E+01
 102.330,  0.163E+01
 102.340,  0.162E+01
 102.350,  0.160E+01
 102.360,  0.158E+01
 102.370,  0.156E+01
 102.380,  0.154E+01
 102.390,  0.153E+01
 102.400,  0.151E+01
 102.410,  0.150E+01
 102.420,  0.148E+01
 102.430,  0.147E+01
 102.440,  0.145E+01
 102.450,  0.144E+01
 102.460,  0.143E+01
 102.470,  0.142E+01
 102.480,  0.140E+01
 102.490,  0.139E+01
 102.500,  0.138E+01
 102.510,  0.137E+01
 102.520,  0.136E+01
 102.530,  0.135E+01
 102.540,  0.134E+01
 102.550,  0.133E+01
 102.560,  0.132E+01
 102.570,  0.131E+01
 102.580,  0.131E+01
 102.590,  0.130E+01
 102.600,  0.129E+01
 102.610,  0.128E+01
 102.620,  0.128E+01
 102.630,  0.127E+01
 102.640,  0.126E+01
 102.650,  0.126E+01
 102.660,  0.125E+01
 102.670,  0.124E+01
 102.680,  0.124E+01
 102.690,  0.123E+01
 102.700,  0.123E+01
 102.710,  0.122E+01
 102.720,  0.122E+01
 102.730,  0.121E+01
 102.740,  0.121E+01
 102.750,  0.121E+01
 102.760,  0.120E+01
 102.770,  0.120E+01
 102.780,  0.119E+01
 102.790,  0.119E+01
 102.800,  0.119E+01
 102.810,  0.119E+01
 102.820,  0.118E+01
 102.830,  0.118E+01
 102.840,  0.118E+01
 102.850,  0.118E+01
 102.860,  0.118E+01
 102.870,  0.118E+01
 102.880,  0.117E+01
 102.890,  0.117E+01
 102.900,  0.117E+01
 102.910,  0.117E+01
 102.920,  0.117E+01
 102.930,  0.117E+01
 102.940,  0.117E+01
 102.950,  0.117E+01
 102.960,  0.117E+01
 102.970,  0.118E+01
 102.980,  0.118E+01
 102.990,  0.118E+01
 103.000,  0.118E+01
 103.010,  0.118E+01
 103.020,  0.119E+01
 103.030,  0.119E+01
 103.040,  0.119E+01
 103.050,  0.120E+01
 103.060,  0.120E+01
 103.070,  0.120E+01
 103.080,  0.121E+01
 103.090,  0.121E+01
 103.100,  0.121E+01
 103.110,  0.122E+01
 103.120,  0.122E+01
 103.130,  0.122E+01
 103.140,  0.123E+01
 103.150,  0.123E+01
 103.160,  0.124E+01
 103.170,  0.125E+01
 103.180,  0.125E+01
 103.190,  0.126E+01
 103.200,  0.127E+01
 103.210,  0.128E+01
 103.220,  0.129E+01
 103.230,  0.130E+01
 103.240,  0.131E+01
 103.250,  0.132E+01
 103.260,  0.133E+01
 103.270,  0.135E+01
 103.280,  0.136E+01
 103.290,  0.138E+01
 103.300,  0.139E+01
 103.310,  0.141E+01
 103.320,  0.143E+01
 103.330,  0.145E+01
 103.340,  0.146E+01
 103.350,  0.148E+01
 103.360,  0.149E+01
 103.370,  0.149E+01
 103.380,  0.150E+01
 103.390,  0.150E+01
 103.400,  0.151E+01
 103.410,  0.151E+01
 103.420,  0.152E+01
 103.430,  0.153E+01
 103.440,  0.154E+01
 103.450,  0.155E+01
 103.460,  0.156E+01
 103.470,  0.157E+01
 103.480,  0.158E+01
 103.490,  0.160E+01
 103.500,  0.162E+01
 103.510,  0.163E+01
 103.520,  0.165E+01
 103.530,  0.167E+01
 103.540,  0.169E+01
 103.550,  0.171E+01
 103.560,  0.173E+01
 103.570,  0.175E+01
 103.580,  0.178E+01
 103.590,  0.180E+01
 103.600,  0.183E+01
 103.610,  0.185E+01
 103.620,  0.188E+01
 103.630,  0.191E+01
 103.640,  0.194E+01
 103.650,  0.197E+01
 103.660,  0.201E+01
 103.670,  0.204E+01
 103.680,  0.208E+01
 103.690,  0.211E+01
 103.700,  0.215E+01
 103.710,  0.219E+01
 103.720,  0.224E+01
 103.730,  0.228E+01
 103.740,  0.233E+01
 103.750,  0.237E+01
 103.760,  0.243E+01
 103.770,  0.248E+01
 103.780,  0.253E+01
 103.790,  0.259E+01
 103.800,  0.265E+01
 103.810,  0.272E+01
 103.820,  0.279E+01
 103.830,  0.286E+01
 103.840,  0.294E+01
 103.850,  0.302E+01
 103.860,  0.310E+01
 103.870,  0.320E+01
 103.880,  0.329E+01
 103.890,  0.340E+01
 103.900,  0.351E+01
 103.910,  0.362E+01
 103.920,  0.375E+01
 103.930,  0.388E+01
 103.940,  0.402E+01
 103.950,  0.416E+01
 103.960,  0.431E+01
 103.970,  0.447E+01
 103.980,  0.463E+01
 103.990,  0.480E+01
 104.000,  0.497E+01
 104.010,  0.515E+01
 104.020,  0.534E+01
 104.030,  0.554E+01
 104.040,  0.574E+01
 104.050,  0.596E+01
 104.060,  0.618E+01
 104.070,  0.642E+01
 104.080,  0.668E+01
 104.090,  0.698E+01
 104.100,  0.731E+01
 104.110,  0.769E+01
 104.120,  0.811E+01
 104.130,  0.859E+01
 104.140,  0.913E+01
 104.150,  0.975E+01
 104.160,  0.104E+02
 104.170,  0.113E+02
 104.180,  0.122E+02
 104.190,  0.133E+02
 104.200,  0.145E+02
 104.210,  0.160E+02
 104.220,  0.177E+02
 104.230,  0.196E+02
 104.240,  0.218E+02
 104.250,  0.243E+02
 104.260,  0.268E+02
 104.270,  0.292E+02
 104.280,  0.312E+02
 104.290,  0.326E+02
 104.300,  0.330E+02
 104.310,  0.327E+02
 104.320,  0.319E+02
 104.330,  0.309E+02
 104.340,  0.300E+02
 104.350,  0.294E+02
 104.360,  0.292E+02
 104.370,  0.294E+02
 104.380,  0.299E+02
 104.390,  0.309E+02
 104.400,  0.323E+02
 104.410,  0.341E+02
 104.420,  0.363E+02
 104.430,  0.390E+02
 104.440,  0.422E+02
 104.450,  0.459E+02
 104.460,  0.502E+02
 104.470,  0.552E+02
 104.480,  0.608E+02
 104.490,  0.671E+02
 104.500,  0.740E+02
 104.510,  0.815E+02
 104.520,  0.892E+02
 104.530,  0.969E+02
 104.540,  0.104E+03
 104.550,  0.110E+03
 104.560,  0.114E+03
 104.570,  0.116E+03
 104.580,  0.115E+03
 104.590,  0.112E+03
 104.600,  0.107E+03
 104.610,  0.100E+03
 104.620,  0.928E+02
 104.630,  0.849E+02
 104.640,  0.771E+02
 104.650,  0.697E+02
 104.660,  0.628E+02
 104.670,  0.566E+02
 104.680,  0.511E+02
 104.690,  0.461E+02
 104.700,  0.418E+02
 104.710,  0.379E+02
 104.720,  0.345E+02
 104.730,  0.315E+02
 104.740,  0.289E+02
 104.750,  0.266E+02
 104.760,  0.245E+02
 104.770,  0.227E+02
 104.780,  0.210E+02
 104.790,  0.196E+02
 104.800,  0.183E+02
 104.810,  0.171E+02
 104.820,  0.161E+02
 104.830,  0.151E+02
 104.840,  0.143E+02
 104.850,  0.135E+02
 104.860,  0.128E+02
 104.870,  0.122E+02
 104.880,  0.116E+02
 104.890,  0.111E+02
 104.900,  0.106E+02
 104.910,  0.102E+02
 104.920,  0.977E+01
 104.930,  0.942E+01
 104.940,  0.910E+01
 104.950,  0.882E+01
 104.960,  0.856E+01
 104.970,  0.833E+01
 104.980,  0.813E+01
 104.990,  0.795E+01
 105.000,  0.780E+01
 105.010,  0.766E+01
 105.020,  0.755E+01
 105.030,  0.746E+01
 105.040,  0.738E+01
 105.050,  0.731E+01
 105.060,  0.724E+01
 105.070,  0.718E+01
 105.080,  0.711E+01
 105.090,  0.704E+01
 105.100,  0.697E+01
 105.110,  0.690E+01
 105.120,  0.684E+01
 105.130,  0.678E+01
 105.140,  0.674E+01
 105.150,  0.672E+01
 105.160,  0.671E+01
 105.170,  0.673E+01
 105.180,  0.676E+01
 105.190,  0.680E+01
 105.200,  0.687E+01
 105.210,  0.695E+01
 105.220,  0.706E+01
 105.230,  0.718E+01
 105.240,  0.733E+01
 105.250,  0.750E+01
 105.260,  0.769E+01
 105.270,  0.791E+01
 105.280,  0.815E+01
 105.290,  0.843E+01
 105.300,  0.874E+01
 105.310,  0.908E+01
 105.320,  0.947E+01
 105.330,  0.990E+01
 105.340,  0.104E+02
 105.350,  0.109E+02
 105.360,  0.115E+02
 105.370,  0.122E+02
 105.380,  0.129E+02
 105.390,  0.138E+02
 105.400,  0.147E+02
 105.410,  0.158E+02
 105.420,  0.170E+02
 105.430,  0.184E+02
 105.440,  0.200E+02
 105.450,  0.218E+02
 105.460,  0.239E+02
 105.470,  0.263E+02
 105.480,  0.291E+02
 105.490,  0.324E+02
 105.500,  0.362E+02
 105.510,  0.405E+02
 105.520,  0.455E+02
 105.530,  0.511E+02
 105.540,  0.573E+02
 105.550,  0.640E+02
 105.560,  0.710E+02
 105.570,  0.778E+02
 105.580,  0.841E+02
 105.590,  0.894E+02
 105.600,  0.936E+02
 105.610,  0.967E+02
 105.620,  0.988E+02
 105.630,  0.100E+03
 105.640,  0.100E+03
 105.650,  0.988E+02
 105.660,  0.958E+02
 105.670,  0.910E+02
 105.680,  0.846E+02
 105.690,  0.772E+02
 105.700,  0.695E+02
 105.710,  0.619E+02
 105.720,  0.549E+02
 105.730,  0.487E+02
 105.740,  0.431E+02
 105.750,  0.383E+02
 105.760,  0.342E+02
 105.770,  0.306E+02
 105.780,  0.276E+02
 105.790,  0.250E+02
 105.800,  0.227E+02
 105.810,  0.208E+02
 105.820,  0.191E+02
 105.830,  0.176E+02
 105.840,  0.163E+02
 105.850,  0.152E+02
 105.860,  0.143E+02
 105.870,  0.134E+02
 105.880,  0.127E+02
 105.890,  0.120E+02
 105.900,  0.115E+02
 105.910,  0.110E+02
 105.920,  0.106E+02
 105.930,  0.102E+02
 105.940,  0.997E+01
 105.950,  0.976E+01
 105.960,  0.962E+01
 105.970,  0.953E+01
 105.980,  0.952E+01
 105.990,  0.957E+01
 106.000,  0.970E+01
 106.010,  0.991E+01
 106.020,  0.102E+02
 106.030,  0.106E+02
 106.040,  0.112E+02
 106.050,  0.118E+02
 106.060,  0.126E+02
 106.070,  0.136E+02
 106.080,  0.147E+02
 106.090,  0.160E+02
 106.100,  0.174E+02
 106.110,  0.189E+02
 106.120,  0.202E+02
 106.130,  0.212E+02
 106.140,  0.218E+02
 106.150,  0.217E+02
 106.160,  0.211E+02
 106.170,  0.200E+02
 106.180,  0.186E+02
 106.190,  0.169E+02
 106.200,  0.153E+02
 106.210,  0.138E+02
 106.220,  0.124E+02
 106.230,  0.111E+02
 106.240,  0.100E+02
 106.250,  0.909E+01
 106.260,  0.827E+01
 106.270,  0.756E+01
 106.280,  0.694E+01
 106.290,  0.641E+01
 106.300,  0.595E+01
 106.310,  0.554E+01
 106.320,  0.518E+01
 106.330,  0.487E+01
 106.340,  0.459E+01
 106.350,  0.434E+01
 106.360,  0.411E+01
 106.370,  0.391E+01
 106.380,  0.373E+01
 106.390,  0.357E+01
 106.400,  0.342E+01
 106.410,  0.329E+01
 106.420,  0.316E+01
 106.430,  0.305E+01
 106.440,  0.295E+01
 106.450,  0.285E+01
 106.460,  0.276E+01
 106.470,  0.268E+01
 106.480,  0.261E+01
 106.490,  0.254E+01
 106.500,  0.247E+01
 106.510,  0.242E+01
 106.520,  0.236E+01
 106.530,  0.231E+01
 106.540,  0.227E+01
 106.550,  0.223E+01
 106.560,  0.219E+01
 106.570,  0.215E+01
 106.580,  0.212E+01
 106.590,  0.209E+01
 106.600,  0.206E+01
 106.610,  0.204E+01
 106.620,  0.202E+01
 106.630,  0.200E+01
 106.640,  0.198E+01
 106.650,  0.196E+01
 106.660,  0.194E+01
 106.670,  0.193E+01
 106.680,  0.192E+01
 106.690,  0.191E+01
 106.700,  0.190E+01
 106.710,  0.190E+01
 106.720,  0.190E+01
 106.730,  0.190E+01
 106.740,  0.191E+01
 106.750,  0.192E+01
 106.760,  0.193E+01
 106.770,  0.195E+01
 106.780,  0.197E+01
 106.790,  0.200E+01
 106.800,  0.203E+01
 106.810,  0.206E+01
 106.820,  0.210E+01
 106.830,  0.215E+01
 106.840,  0.221E+01
 106.850,  0.227E+01
 106.860,  0.234E+01
 106.870,  0.243E+01
 106.880,  0.252E+01
 106.890,  0.263E+01
 106.900,  0.276E+01
 106.910,  0.291E+01
 106.920,  0.308E+01
 106.930,  0.328E+01
 106.940,  0.351E+01
 106.950,  0.378E+01
 106.960,  0.410E+01
 106.970,  0.447E+01
 106.980,  0.491E+01
 106.990,  0.543E+01
 107.000,  0.604E+01
 107.010,  0.676E+01
 107.020,  0.759E+01
 107.030,  0.854E+01
 107.040,  0.957E+01
 107.050,  0.106E+02
 107.060,  0.116E+02
 107.070,  0.125E+02
 107.080,  0.129E+02
 107.090,  0.130E+02
 107.100,  0.126E+02
 107.110,  0.119E+02
 107.120,  0.109E+02
 107.130,  0.985E+01
 107.140,  0.882E+01
 107.150,  0.787E+01
 107.160,  0.703E+01
 107.170,  0.630E+01
 107.180,  0.568E+01
 107.190,  0.516E+01
 107.200,  0.472E+01
 107.210,  0.435E+01
 107.220,  0.405E+01
 107.230,  0.379E+01
 107.240,  0.357E+01
 107.250,  0.339E+01
 107.260,  0.324E+01
 107.270,  0.312E+01
 107.280,  0.301E+01
 107.290,  0.293E+01
 107.300,  0.287E+01
 107.310,  0.282E+01
 107.320,  0.278E+01
 107.330,  0.276E+01
 107.340,  0.275E+01
 107.350,  0.275E+01
 107.360,  0.276E+01
 107.370,  0.278E+01
 107.380,  0.282E+01
 107.390,  0.286E+01
 107.400,  0.291E+01
 107.410,  0.298E+01
 107.420,  0.306E+01
 107.430,  0.315E+01
 107.440,  0.326E+01
 107.450,  0.338E+01
 107.460,  0.352E+01
 107.470,  0.367E+01
 107.480,  0.385E+01
 107.490,  0.404E+01
 107.500,  0.427E+01
 107.510,  0.452E+01
 107.520,  0.481E+01
 107.530,  0.513E+01
 107.540,  0.550E+01
 107.550,  0.592E+01
 107.560,  0.640E+01
 107.570,  0.696E+01
 107.580,  0.759E+01
 107.590,  0.832E+01
 107.600,  0.917E+01
 107.610,  0.102E+02
 107.620,  0.113E+02
 107.630,  0.127E+02
 107.640,  0.142E+02
 107.650,  0.161E+02
 107.660,  0.182E+02
 107.670,  0.208E+02
 107.680,  0.236E+02
 107.690,  0.269E+02
 107.700,  0.303E+02
 107.710,  0.339E+02
 107.720,  0.372E+02
 107.730,  0.398E+02
 107.740,  0.414E+02
 107.750,  0.415E+02
 107.760,  0.403E+02
 107.770,  0.378E+02
 107.780,  0.346E+02
 107.790,  0.311E+02
 107.800,  0.275E+02
 107.810,  0.242E+02
 107.820,  0.213E+02
 107.830,  0.187E+02
 107.840,  0.164E+02
 107.850,  0.145E+02
 107.860,  0.128E+02
 107.870,  0.114E+02
 107.880,  0.102E+02
 107.890,  0.917E+01
 107.900,  0.828E+01
 107.910,  0.751E+01
 107.920,  0.684E+01
 107.930,  0.626E+01
 107.940,  0.574E+01
 107.950,  0.529E+01
 107.960,  0.490E+01
 107.970,  0.454E+01
 107.980,  0.423E+01
 107.990,  0.395E+01
 108.000,  0.370E+01
 108.010,  0.348E+01
 108.020,  0.327E+01
 108.030,  0.309E+01
 108.040,  0.293E+01
 108.050,  0.278E+01
 108.060,  0.264E+01
 108.070,  0.251E+01
 108.080,  0.240E+01
 108.090,  0.229E+01
 108.100,  0.219E+01
 108.110,  0.210E+01
 108.120,  0.202E+01
 108.130,  0.195E+01
 108.140,  0.188E+01
 108.150,  0.182E+01
 108.160,  0.176E+01
 108.170,  0.171E+01
 108.180,  0.167E+01
 108.190,  0.163E+01
 108.200,  0.160E+01
 108.210,  0.157E+01
 108.220,  0.154E+01
 108.230,  0.152E+01
 108.240,  0.149E+01
 108.250,  0.146E+01
 108.260,  0.142E+01
 108.270,  0.138E+01
 108.280,  0.133E+01
 108.290,  0.128E+01
 108.300,  0.123E+01
 108.310,  0.118E+01
 108.320,  0.114E+01
 108.330,  0.110E+01
 108.340,  0.106E+01
 108.350,  0.102E+01
 108.360,  0.989E+00
 108.370,  0.958E+00
 108.380,  0.930E+00
 108.390,  0.904E+00
 108.400,  0.881E+00
 108.410,  0.859E+00
 108.420,  0.838E+00
 108.430,  0.820E+00
 108.440,  0.802E+00
 108.450,  0.786E+00
 108.460,  0.771E+00
 108.470,  0.757E+00
 108.480,  0.744E+00
 108.490,  0.731E+00
 108.500,  0.718E+00
 108.510,  0.706E+00
 108.520,  0.693E+00
 108.530,  0.680E+00
 108.540,  0.667E+00
 108.550,  0.653E+00
 108.560,  0.640E+00
 108.570,  0.627E+00
 108.580,  0.614E+00
 108.590,  0.602E+00
 108.600,  0.590E+00
 108.610,  0.579E+00
 108.620,  0.568E+00
 108.630,  0.558E+00
 108.640,  0.548E+00
 108.650,  0.538E+00
 108.660,  0.530E+00
 108.670,  0.521E+00
 108.680,  0.513E+00
 108.690,  0.505E+00
 108.700,  0.498E+00
 108.710,  0.491E+00
 108.720,  0.485E+00
 108.730,  0.478E+00
 108.740,  0.472E+00
 108.750,  0.466E+00
 108.760,  0.460E+00
 108.770,  0.454E+00
 108.780,  0.448E+00
 108.790,  0.442E+00
 108.800,  0.436E+00
 108.810,  0.431E+00
 108.820,  0.425E+00
 108.830,  0.420E+00
 108.840,  0.415E+00
 108.850,  0.409E+00
 108.860,  0.404E+00
 108.870,  0.399E+00
 108.880,  0.394E+00
 108.890,  0.390E+00
 108.900,  0.385E+00
 108.910,  0.381E+00
 108.920,  0.376E+00
 108.930,  0.372E+00
 108.940,  0.368E+00
 108.950,  0.365E+00
 108.960,  0.361E+00
 108.970,  0.358E+00
 108.980,  0.354E+00
 108.990,  0.351E+00
 109.000,  0.348E+00
 109.010,  0.345E+00
 109.020,  0.342E+00
 109.030,  0.340E+00
 109.040,  0.337E+00
 109.050,  0.335E+00
 109.060,  0.333E+00
 109.070,  0.332E+00
 109.080,  0.330E+00
 109.090,  0.329E+00
 109.100,  0.328E+00
 109.110,  0.326E+00
 109.120,  0.325E+00
 109.130,  0.323E+00
 109.140,  0.321E+00
 109.150,  0.318E+00
 109.160,  0.315E+00
 109.170,  0.311E+00
 109.180,  0.308E+00
 109.190,  0.305E+00
 109.200,  0.302E+00
 109.210,  0.299E+00
 109.220,  0.297E+00
 109.230,  0.294E+00
 109.240,  0.292E+00
 109.250,  0.290E+00
 109.260,  0.288E+00
 109.270,  0.286E+00
 109.280,  0.284E+00
 109.290,  0.282E+00
 109.300,  0.280E+00
 109.310,  0.278E+00
 109.320,  0.276E+00
 109.330,  0.274E+00
 109.340,  0.272E+00
 109.350,  0.270E+00
 109.360,  0.269E+00
 109.370,  0.266E+00
 109.380,  0.264E+00
 109.390,  0.262E+00
 109.400,  0.260E+00
 109.410,  0.257E+00
 109.420,  0.255E+00
 109.430,  0.253E+00
 109.440,  0.251E+00
 109.450,  0.248E+00
 109.460,  0.246E+00
 109.470,  0.244E+00
 109.480,  0.242E+00
 109.490,  0.241E+00
 109.500,  0.239E+00
 109.510,  0.237E+00
 109.520,  0.236E+00
 109.530,  0.235E+00
 109.540,  0.233E+00
 109.550,  0.232E+00
 109.560,  0.231E+00
 109.570,  0.230E+00
 109.580,  0.229E+00
 109.590,  0.228E+00
 109.600,  0.227E+00
 109.610,  0.227E+00
 109.620,  0.226E+00
 109.630,  0.226E+00
 109.640,  0.225E+00
 109.650,  0.225E+00
 109.660,  0.224E+00
 109.670,  0.224E+00
 109.680,  0.223E+00
 109.690,  0.223E+00
 109.700,  0.223E+00
 109.710,  0.223E+00
 109.720,  0.224E+00
 109.730,  0.224E+00
 109.740,  0.225E+00
 109.750,  0.226E+00
 109.760,  0.227E+00
 109.770,  0.229E+00
 109.780,  0.231E+00
 109.790,  0.233E+00
 109.800,  0.236E+00
 109.810,  0.239E+00
 109.820,  0.243E+00
 109.830,  0.248E+00
 109.840,  0.253E+00
 109.850,  0.259E+00
 109.860,  0.266E+00
 109.870,  0.274E+00
 109.880,  0.283E+00
 109.890,  0.293E+00
 109.900,  0.304E+00
 109.910,  0.315E+00
 109.920,  0.326E+00
 109.930,  0.336E+00
 109.940,  0.345E+00
 109.950,  0.352E+00
 109.960,  0.356E+00
 109.970,  0.355E+00
 109.980,  0.352E+00
 109.990,  0.344E+00
 110.000,  0.335E+00
