Venus 1                                                                         
           2         117
CO2  
H2O  
     0.000 0.90918E+02  733.00  0.8694E+26  0.2703E+22
     2.000 0.80059E+02  717.00  0.7851E+26  0.2441E+22
     4.000 0.70286E+02  701.00  0.7075E+26  0.2200E+22
     6.000 0.61599E+02  685.00  0.6366E+26  0.1979E+22
     8.000 0.53702E+02  669.00  0.5684E+26  0.1767E+22
    10.000 0.46693E+02  653.00  0.5069E+26  0.1576E+22
    12.000 0.40474E+02  637.00  0.4521E+26  0.1405E+22
    14.000 0.34946E+02  623.00  0.3985E+26  0.1239E+22
    16.000 0.30109E+02  609.00  0.3517E+26  0.1094E+22
    18.000 0.25864E+02  595.00  0.3102E+26  0.9645E+21
    20.000 0.22113E+02  579.00  0.2728E+26  0.8481E+21
    22.000 0.18756E+02  562.00  0.2381E+26  0.7401E+21
    24.000 0.15893E+02  545.00  0.2073E+26  0.6444E+21
    26.000 0.13425E+02  529.00  0.1803E+26  0.5604E+21
    28.000 0.11254E+02  512.00  0.1560E+26  0.4851E+21
    30.000 0.93287E+01  495.00  0.1344E+26  0.4179E+21
    32.000 0.77196E+01  478.00  0.1151E+26  0.3579E+21
    34.000 0.63475E+01  461.00  0.9814E+25  0.3051E+21
    36.000 0.51826E+01  446.00  0.8279E+25  0.2574E+21
    38.000 0.41955E+01  430.00  0.6955E+25  0.2162E+21
    40.000 0.33761E+01  416.00  0.5777E+25  0.1796E+21
    41.000 0.30356E+01  409.50  0.5269E+25  0.1638E+21
    42.000 0.26950E+01  403.00  0.4761E+25  0.1480E+21
    43.000 0.24186E+01  397.00  0.4326E+25  0.1345E+21
    44.000 0.21422E+01  391.00  0.3892E+25  0.1210E+21
    44.500 0.20287E+01  388.00  0.3711E+25  0.1154E+21
    45.000 0.19151E+01  385.00  0.3531E+25  0.1098E+21
    45.500 0.18016E+01  382.00  0.3350E+25  0.1042E+21
    46.000 0.16881E+01  379.00  0.3170E+25  0.9855E+20
    46.500 0.15968E+01  375.75  0.3016E+25  0.9376E+20
    47.000 0.15054E+01  372.50  0.2862E+25  0.8898E+20
    47.200 0.14689E+01  371.20  0.2800E+25  0.8707E+20
    47.400 0.14324E+01  369.90  0.2739E+25  0.8515E+20
    47.600 0.13958E+01  368.60  0.2677E+25  0.8324E+20
    47.800 0.13593E+01  367.30  0.2616E+25  0.8132E+20
    48.000 0.13228E+01  366.00  0.2554E+25  0.7941E+20
    48.200 0.12922E+01  364.30  0.2506E+25  0.7793E+20
    48.400 0.12616E+01  362.60  0.2459E+25  0.7644E+20
    48.500 0.12463E+01  361.75  0.2435E+25  0.7570E+20
    48.600 0.12310E+01  360.90  0.2411E+25  0.7496E+20
    48.700 0.12157E+01  360.05  0.2387E+25  0.7421E+20
    48.800 0.12004E+01  359.20  0.2363E+25  0.7347E+20
    48.900 0.11851E+01  358.35  0.2339E+25  0.7273E+20
    49.000 0.11698E+01  357.50  0.2316E+25  0.7199E+20
    49.500 0.10933E+01  353.25  0.2196E+25  0.7396E+20
    50.000 0.10168E+01  349.00  0.2077E+25  0.6994E+20
    51.000 0.89883E+00  340.50  0.1873E+25  0.5859E+20
    52.000 0.78085E+00  332.00  0.1669E+25  0.4723E+20
    53.000 0.68411E+00  322.00  0.1503E+25  0.3892E+20
    54.000 0.58736E+00  312.00  0.1337E+25  0.3061E+20
    55.000 0.51086E+00  301.50  0.1198E+25  0.2459E+20
    56.000 0.43435E+00  291.00  0.1060E+25  0.1856E+20
    56.500 0.40425E+00  286.75  0.9982E+24  0.1639E+20
    57.000 0.37414E+00  282.50  0.9364E+24  0.1421E+20
    57.100 0.36812E+00  281.65  0.9241E+24  0.1377E+20
    57.500 0.34403E+00  278.25  0.8748E+24  0.1203E+20
    58.000 0.31392E+00  274.00  0.8132E+24  0.2528E+20
    58.500 0.29146E+00  271.25  0.7607E+24  0.2365E+20
    59.000 0.26900E+00  268.50  0.7082E+24  0.2202E+20
    59.500 0.24654E+00  265.75  0.6557E+24  0.2039E+20
    60.000 0.22409E+00  263.00  0.6032E+24  0.1875E+20
    60.500 0.20731E+00  260.25  0.5628E+24  0.1750E+20
    61.000 0.19052E+00  257.50  0.5223E+24  0.1624E+20
    61.500 0.17374E+00  254.75  0.4818E+24  0.1498E+20
    62.000 0.15696E+00  252.00  0.4414E+24  0.1372E+20
    62.500 0.14487E+00  250.00  0.4100E+24  0.1274E+20
    63.000 0.13277E+00  248.00  0.3785E+24  0.1177E+20
    63.500 0.12068E+00  246.00  0.3471E+24  0.1079E+20
    64.000 0.10859E+00  244.00  0.3157E+24  0.9813E+19
    64.500 0.10020E+00  242.00  0.2930E+24  0.9106E+19
    65.000 0.91807E-01  240.00  0.2702E+24  0.8399E+19
    65.500 0.83416E-01  238.00  0.2474E+24  0.7692E+19
    66.000 0.75025E-01  236.00  0.2247E+24  0.6984E+19
    66.500 0.69052E-01  236.25  0.2066E+24  0.5278E+19
    67.000 0.63080E-01  236.50  0.1886E+24  0.3571E+19
    67.500 0.57107E-01  236.75  0.1705E+24  0.1865E+19
    68.000 0.51135E-01  237.00  0.1525E+24  0.1580E+18
    68.500 0.47038E-01  236.00  0.1407E+24  0.1458E+18
    69.000 0.42941E-01  235.00  0.1290E+24  0.1337E+18
    69.500 0.38845E-01  234.00  0.1173E+24  0.1215E+18
    70.000 0.34748E-01  233.00  0.1056E+24  0.1094E+18
    71.000 0.29121E-01  230.50  0.8925E+23  0.9247E+17
    72.000 0.23495E-01  228.00  0.7290E+23  0.7554E+17
    73.000 0.19596E-01  225.50  0.6139E+23  0.6362E+17
    74.000 0.15696E-01  223.00  0.4989E+23  0.5170E+17
    75.000 0.13031E-01  220.00  0.4193E+23  0.4345E+17
    75.500 0.11698E-01  218.50  0.3795E+23  0.3932E+17
    76.000 0.10365E-01  217.00  0.3397E+23  0.3520E+17
    77.000 0.85931E-02  214.00  0.2842E+23  0.2945E+17
    78.000 0.68213E-02  211.00  0.2287E+23  0.2370E+17
    79.000 0.56169E-02  207.00  0.1912E+23  0.1982E+17
    80.000 0.44126E-02  203.00  0.1538E+23  0.1594E+17
    82.000 0.28036E-02  194.00  0.1023E+23  0.1060E+17
    84.000 0.17374E-02  184.00  0.6687E+22  0.6930E+16
    86.000 0.10563E-02  176.00  0.4240E+22  0.4394E+16
    88.000 0.62883E-03  171.00  0.2608E+22  0.2703E+16
    90.000 0.36920E-03  167.00  0.1565E+22  0.1622E+16
    92.000 0.21422E-03  164.00  0.9228E+21  0.9563E+15
    94.000 0.12340E-03  162.00  0.5377E+21  0.5572E+15
    96.000 0.70977E-04  162.00  0.3090E+21  0.3202E+15
    98.000 0.40967E-04  163.00  0.1766E+21  0.1830E+15
   100.000 0.23889E-04  170.00  0.9901E+20  0.1026E+15
   102.000 0.14146E-04  165.00  0.6070E+20  0.6290E+14
   104.000 0.83712E-05  160.00  0.3705E+20  0.3839E+14
   106.000 0.47236E-05  155.00  0.2158E+20  0.2236E+14
   108.000 0.26654E-05  150.00  0.1258E+20  0.1304E+14
   110.000 0.14462E-05  145.00  0.7062E+19  0.7318E+13
   112.000 0.78480E-06  140.00  0.3969E+19  0.4113E+13
   116.000 0.21224E-06  129.00  0.1165E+19  0.1207E+13
   120.000 0.51037E-07  117.00  0.3088E+18  0.3200E+12
   124.000 0.12142E-07  125.00  0.6878E+17  0.7127E+11
   128.000 0.32577E-08  135.00  0.1708E+17  0.1770E+11
   132.000 0.97828E-09  142.00  0.4878E+16  0.5055E+10
   136.000 0.32577E-09  146.00  0.1580E+16  0.1637E+10
   140.000 0.12438E-09  147.00  0.5991E+15  0.6208E+09
   144.000 0.55775E-10  140.00  0.2821E+15  0.2923E+09
   148.000 0.27937E-10  134.00  0.1476E+15  0.1530E+09
